103743
67060
58566
65275
90195
86124
66969
67902
85472
82523
62727
65987
86405
72927
58656
64823
79475
76065
56660
67541
84269
77198
64342
62446
87798
68022
57302
63540
83696
58786
57723
76456
82513
73277
59197
47775
59729
74972
58806
62577
107595
73548
55336
67982
83356
75242
59408
47585
76877
76587
56962
61624
78151
82664
58877
61674
76015
78341
84388
67541
87798
76406
61524
49099
60561
74270
56961
78352
85141
77570
59077
47404
78212
75283
57823
61845
92421
88700
60351
62306
78362
101557
60110
69808
85783
74551
58205
61674
85071
77921
58867
61885
87408
78452
62046
67291
82162
89393
60993
62266
77740
73739
55737
130519
79705
81580
58566
47865
79374
71281
56640
62336
88309
79184
57091
61905
84930
79646
59338
47204
76567
71914
57302
62316
83807
76075
58807
48818
84980
86465
58646
60692
104786
76156
61304
49048
82935
67491
56590
64623
81411
82062
62266
60130
78642
76536
56931
61534
81160
56269
62888
62737
82825
79143
58024
59629
78061
78000
58545
61153
75002
87919
59228
64202
75885
78301
79756
61283
78863
78302
57994
77650
79575
74631
59027
123770
83968
63960
55677
47766
62908
67741
57783
60612
87327
73377
56841
48859
57312
77841
58917
61324
80488
80226
60321
48367
74781
75714
56058
69858
83326
78301
76567
72044
84920
74391
58355
61253
83697
73478
57512
64202
76486
66488
55237
60180
77930
78832
64733
60582
93454
75924
57222
62717
53612
79324
59549
60381
80056
111676
59679
73819
56470
73578
56921
62447
74331
80217
81952
61985
81249
76506
58977
47955
74621
74099
55768
381428
69526
60240
55327
48427
60220
89433
61394
60992
83176
74451
59719
49641
83356
68143
55436
63138
84750
82122
60782
47916
79435
70670
55978
62316
83316
78111
60612
60601
85472
71311
57703
60903
81540
77299
58856
49791
80177
65174
55898
60562
82603
74571
65265
48286
78613
69537
55728
61845
81510
78692
58325
75323
85001
66829
57202
61233
83597
78432
57553
49661
90807
78101
56279
60200
82654
77359
64773
61073
83566
78994
55638
61775
81099
78141
62276
47384
82353
81691
65084
64613
76898
76186
61504
64212
86003
74371
73929
61925
85522
73508
59909
50803
79635
65305
56540
66869
93996
82193
61012
47946
62577
67561
56610
60561
101336
71803
55898
62155
74260
80017
63440
60230
82123
89804
60441
60039
74089
72154
55969
60973
78693
75724
58787
63781
81320
64112
56409
59859
80487
74230
56600
61795
87688
74220
57302
47254
76195
69085
56560
59549
80618
233671
57883
61473
73418
79143
61734
59829
80377
90316
72686
64332
74380
61303
60320
74461
86876
83667
62728
72405
76206
62718
62216
74119
74550
63961
60110
81952
72726
57462
60631
79966
84750
58184
62667
63038
80588
58817
62988
75193
58275
62657
64031
78432
81110
57844
61524
54775
78372
62397
61413
58585
56861
83085
66147
77189
77219
59809
65164
80398
76536
59157
92833
84890
63008
57793
60290
87176
73939
57382
48547
94136
77368
60351
65756
79084
73839
59839
68814
81210
249285
103101
73277
64342
62025
48467
62617
68012
61383
76888
60130
65806
62256
59318
79856
69286
97245
72235
80177
77339
75654
84990
65867
63038
102951
82253
60501
48718
86805
67320
56640
63721
86725
99391
61675
48688
86595
66338
57001
60662
82684
84138
63480
64472
75674
83135
62176
47935
78001
69146
58496
64833
84088
78963
59639
62617
80859
70479
56109
61393
89914
76085
60972
68904
84600
72675
59188
80918
94809
80448
61635
61804
80448
77299
62436
64663
74189
93615
66298
61985
79304
72635
62868
61263
78623
95199
61403
63690
76677
76346
68093
65224
78011
76586
60661
61695
80949
74992
64362
63820
79224
76095
79374
62126
76557
84539
64984
61785
79014
75865
59819
69547
78261
76607
66518
62036
80327
76737
58976
78723
83386
73298
59939
64011
78372
74591
66318
62647
80658
79324
60290
61284
80918
75373
64262
63399
95560
83777
61283
61494
76516
79354
67270
61343
80538
71422
58014
64121
78984
77008
62246
61343
77730
83095
64693
63078
80799
77209
59318
62768
78352
94246
67160
62176
74390
89333
62637
61203
79174
75835
67632
66338
77459
76085
61996
61875
77058
78693
76878
62467
79595
76526
63820
69747
74471
78091
65324
80919
78703
72645
64603
62256
79013
75353
59709
81220
84007
73909
69336
68775
76536
82233
65264
62747
103814
75955
60020
64222
87217
78131
64914
61694
75032
75283
59518
58816
57412
43673
44306
45278
54113
54464
62497
58255
55718
56470
43493
45488
44737
57944
57934
72766
55608
82102
58115
55286
54775
43884
55507
42290
64592
55105
55667
57162
71603
57232
57082
55237
56530
60902
56259
54294
58175
57794
56670
56430
60972
56309
57844
54635
42530
56711
55788
61383
57904
55477
55597
55868
59297
55116
57653
54454
56450
60571
55838
54464
57804
62868
55588
80487
67401
55427
57332
55317
56299
44556
55627
42661
58997
55728
61925
60792
55196
55737
57582
59488
65786
56289
57011
42630
56671
74801
73287
59077
58767
58766
57663
54113
54774
66137
56259
53772
74189
57392
55205
55837
54955
60390
57471
54353
54554
62756
55126
54132
71832
54473
54594
61503
73768
53521
56670
56178
55526
58855
82462
64642
57201
55245
55065
55737
54975
67149
56739
60540
65464
72705
56288
53921
63709
54945
54684
56429
42520
58033
56770
56790
72404
65314
55215
59859
57883
55145
55105
55465
55045
57412
57171
53852
60049
60861
55747
54263
58514
54664
56529
50401
43773
55717
45177
71501
59999
56469
55316
54163
49409
60079
75753
62836
59658
80235
65755
67149
62406
63759
61784
48035
48306
71350
58895
88198
71150
62195
61633
60270
61563
59978
75202
65986
80186
74008
46772
84367
76054
72675
78972
77548
74179
71241
60670
59427
56298
55687
58635
56539
42921
47795
45097
72654
83705
57130
61653
75011
55877
57572
42981
58645
42761
57683
58264
55577
65554
58995
56428
54874
43121
47293
43352
59247
60149
56980
56840
81098
86363
74209
80938
74208
80176
74199
60941
67640
51565
71461
83705
71631
60680
55024
43331
43814
55967
57983
65244
64220
58294
56910
57261
55185
57561
58665
56088
55336
82823
186083
69034
67269
53179
59457
86403
73246
64190
83334
74108
56579
61703
86283
69716
77930
64562
80557
83765
60390
61363
82131
77157
57732
76265
87596
63418
57853
63920
84739
80546
59096
49359
97233
68793
61052
63418
85982
79774
59819
63830
85681
81369
58133
73817
80115
73276
56990
61182
92430
76796
58836
61192
81690
74850
56629
65344
77589
75262
85270
64351
81960
75522
60971
62165
85872
79544
66737
64300
82392
76445
57160
61323
57612
72444
57692
65584
78080
72825
58765
64321
84107
73366
56980
79715
59989
69015
55706
61071
78611
85691
61442
62335
87807
73728
57010
60129
81128
74189
56599
61332
84528
83435
58605
61945
84197
78601
56479
60019
80676
93112
57762
61212
79684
80055
59056
62475
84227
73426
76144
63619
83896
73999
56650
61342
80296
76776
57963
80737
89081
72163
56077
61483
86212
74459
56068
60189
81961
78841
57542
62005
89200
76917
56379
59718
105456
78270
56679
59707
78010
81619
60761
62095
100893
79664
57041
60771
81760
73968
56629
60640
80497
78370
65404
65213
76264
82643
57542
61102
82712
98025
58194
60641
73377
83555
60400
62025
86363
73557
73537
63208
85360
76084
55286
61533
79504
79263
58304
79715
89832
77909
55526
60560
81198
75121
56088
60861
90514
75011
58264
61914
88469
77478
57241
61012
95629
80998
56900
61011
75312
80827
59938
62777
83916
181270
58364
60260
90304
82974
57171
60750
90173
86322
59457
61844
90886
81910
58213
61393
83043
104343
58785
60510
82201
74159
57702
61232
84418
73156
78361
62767
79744
75302
57762
59557
86142
71842
57622
83435
86383
68953
56789
60190
89732
70137
55446
59587
81960
75111
58264
61904
86473
74189
56699
59949
95839
76044
55957
60520
81720
85651
63549
71380
81279
97214
61071
62546
55326
78351
58565
60179
79143
76294
58404
83274
81078
77859
57743
66026
79754
76596
74639
60781
79022
72684
57753
61282
78702
75512
56338
59397
77719
74811
62255
60400
73357
78982
60450
61001
94396
76756
61804
60530
72133
74169
62506
59578
72575
269087
65023
61032
57662
47293
72063
65384
81960
68863
79564
72133
72634
73657
72895
77377
76485
74058
85471
72293
74339
75412
75302
73075
73427
80797
92901
77147
78752
75743
73136
76866
76786
73888
88970
72143
73156
78922
74590
76705
83254
73175
73898
127659
69145
57562
41546
56439
41487
56038
57080
56610
57091
83806
68753
76215
72082
68072
71691
65835
78752
72183
89963
72544
74680
66307
77708
72093
68252
71572
66708
73457
73968
78120
72935
68904
73577
64893
79844
124450
72424
70337
67681
72915
64411
80336
73346
90354
76024
72885
71491
70819
71932
71893
69315
75653
71622
77328
73607
73687
73637
71361
70307
69445
71040
85561
78330
72243
67179
72183
79062
81610
71962
70578
85671
70147
70448
65744
71521
67079
69275
73367
67460
98487
71241
67039
74490
74449
79012
73497
63127
56007
46410
56008
55877
56047
64010
53982
53921
42028
55636
54363
59196
53481
65705
55376
55386
55286
57221
53932
53821
41727
54985
54784
55025
41737
44145
44194
55636
56850
56569
54312
55907
55375
56710
54001
53631
204656
57823
55947
43603
44114
56148
54352
54272
60440
56017
69817
61753
58715
53741
55476
43433
55777
56309
54012
41877
60721
54844
66788
56058
56218
54062
43231
56037
57030
55657
41948
61834
54132
65855
54814
54433
41146
57872
43462
56278
56509
55325
42048
59878
66748
60450
57241
59648
60700
53380
43382
62025
63208
56087
53741
55355
78039
56168
54885
54634
54373
53500
43372
63399
54995
56018
42108
73136
62045
54433
54734
54162
58324
53370
47133
55597
43432
55426
42038
76235
55245
54714
59818
41437
59136
54504
56429
57522
58996
55476
54403
63238
57201
54082
59508
54573
54183
54011
58013
57381
64371
55656
161845
57111
53971
54293
41506
41677
41376
53611
63889
61242
74570
60169
54845
53872
55115
54072
41497
53781
52878
54393
43202
43733
65775
56599
60400
63940
59537
57041
41216
53240
41507
41778
43512
54373
79704
59748
54323
54212
60992
54152
53721
53260
60851
53982
56048
72504
60440
61894
54593
55015
58153
54453
54553
53721
54323
54032
43392
100202
59788
58494
56630
55506
54322
42078
56559
61423
69837
63889
54904
55606
43542
42810
54714
54353
54052
60751
54202
57412
60750
55667
63449
55166
55295
41677
42339
54153
53390
56739
68914
55045
58876
62476
60520
55094
56358
54182
54283
54413
41758
55286
86904
55436
55486
61834
63258
56389
55265
54664
54664
54252
41707
63549
59829
53300
65544
74600
78300
62064
59247
59829
73366
95989
75261
66758
49479
117099
75452
65564
58104
63549
99911
78330
65665
61613
76675
77347
60390
47172
73767
70719
58826
61664
81449
79824
58174
47182
78100
64571
76264
61503
79092
73988
58274
62215
83716
75181
61312
46702
71170
55586
60039
55857
76154
58054
63208
89492
70930
61162
63489
82933
69946
55887
60921
77177
74771
55055
61432
57822
77769
59838
59748
75532
71601
58294
61121
86614
65244
55165
61473
57822
76054
74319
62566
55927
77989
62255
61624
72644
83414
63178
65394
196512
74730
83123
55546
79252
60410
74009
65695
83043
75793
62586
79524
83174
79674
64602
52858
63508
76225
61253
66036
54984
77839
67259
63749
84548
80517
61974
69706
76686
78350
61283
73136
82442
77328
59257
73557
91136
80125
60189
61092
86192
74530
57913
61463
89963
74399
57672
62245
59667
76535
59497
61944
77669
77016
60510
62746
80556
88790
57281
63248
80446
89852
64130
64872
79222
68011
75041
82421
78682
80416
60540
68784
79494
83073
60650
64631
81248
74971
57201
72754
86895
75111
57933
72865
92119
84598
61413
65845
76064
81118
59798
67309
77919
74449
60841
65704
75212
81951
64471
70739
77457
76354
59287
88308
79092
76315
57612
67479
78511
84247
61172
65785
94425
78099
59036
64662
76495
83395
59848
68022
59136
112938
66166
62365
76746
79754
59537
66577
77839
72123
83304
68744
80707
83324
60590
70960
73487
85842
62235
80727
82020
60560
56027
62095
62075
76234
63448
64722
102328
77548
58966
66577
86654
74981
59006
63809
88218
111233
64240
61894
82151
76526
57722
82121
81910
81058
80426
73567
64892
74821
63719
64672
79032
79433
59948
127839
79995
67530
56288
62466
60039
73557
59417
160461
74680
56298
56679
60921
56508
79313
58384
66307
80958
79975
58273
62386
58234
78150
59177
79443
80145
63418
56699
62917
59899
79574
58735
61904
84908
65274
57221
61202
57321
74219
56449
63007
96762
81279
60179
62345
79363
80126
57291
62406
58154
97244
57401
63499
80908
74189
59528
61644
58324
77538
60650
62316
57381
75372
58144
63398
82031
75763
191800
66968
78781
72103
56890
61031
76054
75191
60420
62445
76615
80878
60771
62516
86273
70910
73216
64571
56951
74078
57151
63549
100512
66567
59838
76525
81248
75953
56599
63098
58134
72234
57221
61915
81258
69727
57402
63739
77879
81880
57512
62074
88579
71451
56248
63138
59798
74470
58836
63669
98196
71451
56319
61041
56890
77047
56439
63408
87656
68713
66287
63288
88609
67881
55937
61382
85561
60470
247807
74209
77568
77979
61382
66236
57231
74650
63739
61924
77919
81559
59387
68462
79915
79213
59878
83785
77879
80246
60259
66307
56569
75522
61543
62987
97103
77589
59387
61724
77628
76936
60019
64813
78270
81379
57632
67681
78561
81279
61834
64782
81519
82081
75854
65945
55807
74289
60099
63669
79173
79373
59637
78361
85862
76275
57401
70779
56278
76846
60059
62847
93623
80566
61202
74169
84006
74640
56529
71752
54011
73066
70529
62485
80477
77127
61081
65986
74309
75884
63860
65494
76164
80998
58344
74801
81620
78481
59176
76535
60861
75041
60310
66066
77990
81630
65354
68021
100803
69806
63769
67209
80717
70809
57120
48727
76315
77678
59558
63930
87045
80727
64651
78049
88489
75733
63368
72604
84678
69686
58775
64442
83534
80206
67249
63649
102729
73818
63167
63559
90425
78470
74921
196683
112426
67229
69415
53681
77367
98035
64040
57923
61644
61121
77248
68793
62245
87847
73055
57000
61533
61373
78140
71430
63017
80466
84919
64832
68403
82823
89893
65274
64130
55025
90685
66106
71873
79734
79604
60591
80095
81369
84989
69516
65173
108003
82953
63719
62265
85581
79624
64140
62726
88770
88168
56569
61554
85289
76395
58223
64602
83375
101545
60941
63158
88308
92801
58534
63148
85872
94355
64822
61483
79904
75944
59136
62396
78671
88438
78531
63228
83716
80918
56850
62717
104815
71230
58555
67169
83044
81559
59818
61122
103872
91858
59036
60209
79704
78632
59517
62846
86433
79494
96642
63218
84689
81871
56790
60641
95328
76094
77026
63509
80877
77228
59377
61945
85270
70468
57021
84317
86754
77939
60300
65183
77689
84939
58193
62195
83825
78862
58605
62335
54985
79303
61131
57050
77067
94225
73286
58645
72233
86864
76766
57160
62987
98878
80246
63679
62696
90765
76946
57903
64933
84688
138429
60410
67309
81649
78822
59708
67449
89251
94606
60511
62646
90063
77528
57963
61253
85892
79363
59507
67730
93563
79123
63519
61944
84789
77969
56920
90745
82311
76465
59267
64250
58956
78330
57743
75433
65073
90193
78350
59748
66597
80627
81680
60791
72995
83705
83655
60349
62817
80607
79935
59607
81489
82943
69686
57371
64240
81921
79934
61232
65183
87647
78090
62205
62987
83946
80757
66467
65263
180638
70709
62165
62807
80808
82461
64191
61061
107853
83324
65334
63910
86383
81820
65916
61673
102889
81759
64782
61051
83956
81188
66186
63850
84638
108766
67169
62005
83946
80607
62395
63157
83545
171894
64642
63578
76886
81981
63960
62305
81509
95599
67038
62075
81700
81388
70177
64251
86774
81629
73527
62405
84708
78130
58194
61623
91658
84217
79222
70017
101586
73557
59678
62295
103832
70448
255448
66627
77829
87907
59869
63058
85701
92300
61954
63639
82141
80386
58986
77257
80115
75934
85260
64461
77808
81299
59547
61132
79053
79152
62175
93082
85019
77930
60841
62816
74870
85490
59016
60872
87616
59307
58605
47373
77227
80416
61904
61503
98297
86212
59417
67972
53792
85320
67981
60560
102468
87145
60982
64662
53280
88208
60460
62175
78752
103491
58796
65444
55456
82030
67971
62677
75382
84067
76295
66608
76435
84146
60189
61864
74790
83073
65114
65614
97404
88479
68934
82141
75222
61904
47694
78651
78631
94355
64592
85812
67340
61884
61874
83826
73516
61303
67370
58726
76235
61282
67489
81830
88960
64822
62546
311957
60320
58876
56940
57181
43251
47313
64993
102919
58865
63238
54714
44014
44054
46621
43372
55094
56168
58806
57201
59106
42198
60048
73647
57392
42590
46561
55546
53490
44244
47685
66407
56880
59547
55286
44495
42821
46601
55446
55256
55185
44636
76345
56268
43362
46521
45658
62355
54894
65153
54202
55776
53761
46350
62285
60079
59206
43893
56519
45578
58455
41747
64491
55767
58685
61072
58033
59237
62436
57441
62998
59227
58605
54914
59246
55426
75141
55957
57782
43933
59447
43893
53510
43673
58214
57471
54302
41617
94134
65133
55837
58213
58735
41777
42189
60320
57051
56218
41718
64351
58835
54794
56058
46521
57281
62536
59738
59738
56248
55125
41988
62004
58474
55747
41386
63468
57241
54443
43562
59647
55636
54313
44977
59798
56148
65083
55637
60471
57722
55135
45478
61704
56369
57853
59056
58504
54975
55887
41617
60831
58615
54153
57221
58836
58976
56870
54463
57361
55135
43362
42409
58665
57080
59357
82953
60249
55677
42991
44786
59176
58936
55195
55666
58926
43262
73065
56679
54623
58304
59296
60420
42088
56729
56750
55717
41427
84748
65725
57161
58314
57652
56640
54363
41878
57693
55717
172566
58294
56068
59598
57140
43352
43883
57481
55606
55135
92339
63598
55797
53741
57833
61152
58224
43542
43232
59336
57171
89392
56860
58073
55516
41687
57231
69044
56931
55637
42961
47714
55957
56429
55125
62085
55415
41847
44585
66477
57211
55386
43001
65103
58906
54684
61322
57963
58986
56579
43322
61944
44295
64542
65333
58003
56399
54332
42268
46501
55296
55175
55687
46330
56700
55948
51746
46360
54524
57091
55897
65714
55787
62225
43141
59728
57993
269518
56630
57020
55626
53871
41898
46470
53751
54914
75483
62436
57561
57863
42720
46952
42850
55737
55255
56839
54985
42029
67179
69345
57541
58504
42018
46822
59849
56730
55546
44645
54885
85270
61663
59487
57301
55907
42068
46861
54042
55195
54824
57562
74520
58926
75121
56739
56870
56319
41988
46450
64020
55597
54774
44596
78872
59688
57100
58846
57432
56750
41928
46711
58795
54603
55506
81609
58264
58184
56810
58214
44716
44124
42730
65785
64090
55215
74128
61323
55968
57311
43392
48647
44355
73326
55075
57301
55215
63288
68231
58474
55726
41136
44405
48848
44164
55757
54885
58384
60661
56739
57070
58655
57512
40945
48787
55466
64852
55726
57572
79664
60059
62676
57071
42931
53741
41576
59999
56428
56750
55797
64140
66086
55476
41677
57572
45127
54393
41456
58113
57171
57071
43362
61914
65575
55416
42129
57121
43723
53701
41386
58394
72173
56219
57381
79112
58064
54664
54754
56930
42921
41798
42139
58976
55877
59628
56760
86794
56709
54914
54263
57943
56820
55917
41998
49068
69445
57301
84789
65595
57441
55446
42188
47373
55405
54443
53671
58544
44967
43602
65003
47073
55706
55416
53661
56970
42520
42128
42219
58986
81288
75652
64602
59146
43703
58835
41858
57372
41727
54272
55947
58755
57151
263060
59878
58625
55747
41898
56388
57261
55496
55115
59778
61293
59277
55767
44084
57913
42981
54854
54173
54664
57211
71481
58384
43522
59567
58925
55516
42399
61794
56038
54103
41857
58545
66086
78732
57602
49980
45127
45578
43864
60219
57000
56930
41306
65966
56689
54754
42981
47584
55666
64371
56018
57722
55166
55205
94535
59096
54633
57873
55045
60019
57271
57391
55166
58454
56910
62185
56810
54393
57933
55646
41627
44365
65454
78982
62335
55867
57181
55456
43643
55967
63999
58906
41477
57070
88058
58946
54713
55185
59056
56409
43312
55045
58525
57572
41948
78060
63368
56218
54172
42319
68553
55576
72183
59838
59066
56870
59277
60320
65163
59036
62015
57461
60349
56890
55927
42950
64532
68623
63268
58986
49911
60049
44686
44746
59487
57832
61643
330780
62556
57993
61463
46831
50232
46701
56609
76254
47464
61924
56890
58494
60520
57121
74901
68322
64963
58504
63609
59005
65023
56950
61092
58415
63448
56128
63238
68031
85901
58825
62656
59117
47443
58103
63910
59307
63198
56128
58976
69686
65785
59889
58003
59899
73236
57512
56468
61704
65535
63047
60129
65585
76987
61503
59116
47023
61584
56088
56610
61624
65845
57753
61864
62175
58274
44766
62245
66778
61934
63308
79754
57100
65715
64682
70168
59848
64462
77929
61813
56790
225364
67189
63008
57923
56779
56990
49018
47123
67129
77397
62285
45247
73236
57261
61223
58063
62315
57763
64181
58405
73095
67470
66948
62105
56930
59126
60892
60380
61322
61202
85210
63659
60039
61603
76776
62736
60390
56589
60962
56710
65253
228673
69174
61603
62124
44585
49750
47193
55636
58836
80396
59558
56458
66386
61763
59548
62306
60079
61985
60741
43271
63719
60059
61763
59166
55807
61864
59888
67149
58514
60369
58735
63609
64632
59898
59076
60851
60039
61985
61132
59447
66416
264945
60791
58204
64562
47964
44094
54985
66376
63669
80747
63789
45358
62626
61242
63248
57000
62817
59428
59497
75843
62636
61152
66678
63679
60550
57251
62767
59628
59908
58545
82241
57983
63178
58665
62476
60610
62786
57712
61232
58985
61303
65043
59597
62747
58966
59016
61553
69435
57321
56118
60099
71320
59357
58745
58584
48236
48797
45438
61393
62786
76515
58034
57632
62596
60912
56508
66346
71411
58544
58644
78711
64481
56790
59879
57311
46842
59417
63649