150000
41000
16000
10000
9000
13000
32000
12000
14000
12000
12000
21000
10000
12000
10000
10000
10000
10000
29000
21000
10000
8000
10000
10000
10000
9000
12000
9000
9000
13000
9000
7000
9000
9000
25000
9000
10000
13000
20000
9000
8000
13000
9000
10000
7000
8000
7000
9000
8000
8000
8000
8000
7000
7000
10000
8000
7000
8000
7000
8000
7000
7000
7000
8000
7000
8000
7000
8000
6000
6000
6000
6000
7000
7000
8000
7000
7000
7000
7000
7000
7000
6000
6000
6000
6000
6000
6000
7000
6000
5000
24000
7000
6000
6000
6000
7000
7000
6000
15000
6000
6000
12000
20000
6000
5000
7000
7000
6000
6000
5000
6000
6000
6000
5000
19000
7000
8000
6000
20000
7000
7000
7000
7000
6000
6000
5000
10000
5000
4000
5000
5000
5000
4000
6000
9000
5000
6000
5000
5000
5000
4000
6000
4000
5000
4000
5000
4000
5000
4000
5000
5000
4000
4000
18000
4000
28000
8000
5000
5000
5000
4000
4000
4000
13000
5000
4000
5000
5000
4000
5000
5000
4000
5000
4000
4000
5000
5000
5000
5000
8000
4000
6000
5000
5000
4000
4000
4000
5000
5000
5000
13000
12000
4000
4000
34000
24000
5000
5000
4000
17000
33000
