75918
63976
51264
86326
96872
64325
128371
53430
46306
132911
127393
92541
49030
48610
104135
103856
105532
116846
121317
53500
54896
91773
106230
112027
100504
101760
122294
104345
106440
102947
93938
117545
103227
138917
95475
95545
73963
107976
60623
54546
55664
67608
69772
107976
98827
90097
144643
63766
54337
135844
66140
61532
99735
127322
100015
104485
99875
108395
105253
97291
97850
88630
105253
100643
109653
96313
123133
88700
71169
118732
112726
100713
87722
53779
73474
72357
95963
106719
90516
98338
130396
93450
99246
103646
98059
124040
91564
54198
99316
97360
100643
99456
99665
51334
103367
106300
108884
106649
49378
49518
105881
115799
105043
95615
82554
86325
52941
106440
103017
63906
50985
98967
107348
100643
112865
64883
47284
102039
92122
105951
95335
100015
111469
132141
100015
133608
111678
96801
50706
77106
104833
107487
116427
103996
133190
65302
103786
99945
91494
134726
95963
51823
66700
63906
157215
112306
123691
100713
120618
109373
141501
93170
104834
66769
76547
59645
97500
91564
99805
102040
94497
101621
93519
105322
110770
94777
105043
94497
94008
53150
102179
54268
94008
88840
111189
102459
265331
65862
66769
101202
62998
104554
64464
89887
48540
97849
100712
105951
47842
67118
50636
94916
108675
93938
47842
47772
196746
76757
109723
101202
129627
123481
82972
114542
155190
98268
102180
109094
97710
56363
105881
114821
117335
64395
105323
98059
99735
45327
90655
111329
118732
117195
182847
170555
102878
56503
68725
112726
143945
84021
128580
51613
107417
111957
116986
118802
95405
107278
101830
109373
117336
101131
144155
124598
45956
96731
94846
95963
104554
107906
49518
46235
95824
92821
112935
47773
69982
58667
117266
124040
104345
64394
132072
52871
150930
105462
99735
95335
96243
129557
138846
66700
91563
62928
107347
162104
104554
98338
111259
129208
103786
96103
100154
98687
111817
119849
105532
104345
104554
119290
103157
93450
92611
50286
142130
117056
109582
102109
106021
106230
105183
102180
129279
70052
98757
105881
98897
135006
96592
105462
99875
99735
107767
121107
105043
112516
110421
99247
119012
100014
167901
194162
109792
165805
133957
102179
99107
106161
101551
117615
127393
109304
105812
104344
143246
97779
54058
106231
138358
90586
117335
110281
119640
100783
182708
107139
158403
46655
53500
104345
107208
148834
46096
57760
98617
92891
120409
104205
97710
51125
161475
69563
112166
110072
52871
119710
66560
94217
102878
112097
100154
126834
99177
149812
105881
103017
94706
96033
114472
97709
113144
50077
184733
51893
147926
136193
107697
102528
61531
88840
93449
109373
96383
96382
65652
139965
113843
121595
111399
99665
66769
56991
67678
106230
96313
98478
113144
110910
104694
97919
101202
88630
69982
109443
92122
48611
133189
103367
130675
185920
109443
87024
109862
108046
123272
103925
50845
109723
209598
133050
111817
104554
47703
51544
98199
102389
110142
114961
99526
97640
104624
99665
106719
98198
49798
46865
115659
92122
113005
62789
